{
    "name": "302",
    "date": "Fri Oct 18 15:05:21 2024\n",
    "debug": true,
    "et0": {
        "cameras": [
            {
                "type": "pinhole",
                "optical_path": "",
                "height": 400,
                "width": 400,
                "exposureMs": 32,
                "gain": 1,
                "flip": false,
                "distCoeffs": {
                    "k1": 0.08515653014183044,
                    "k2": -0.08857382833957672,
                    "k3": 0.019475242123007774,
                    "p1": -0.0001329302176600322,
                    "p2": 0.00235708593390882
                },
                "extrinsics": [
                    [
                        -0.6794900298118591,
                        -0.20428262650966644,
                        -0.7046716809272766,
                        14.260528564453125
                    ],
                    [
                        -0.04610929265618324,
                        0.9704469442367554,
                        -0.23686867952346802,
                        4.665727138519287
                    ],
                    [
                        0.7322344779968262,
                        -0.12845797836780548,
                        -0.6688283085823059,
                        -17.39898681640625
                    ],
                    [
                        0.0,
                        0.0,
                        0.0,
                        1.0
                    ]
                ],
                "intrinsics": {
                    "cx": 199.8047332763672,
                    "cy": 198.45687866210938,
                    "fx": 282.0718688964844,
                    "fy": 282.08197021484375
                }
            }
        ],
        "leds": {
            "led_type": "standard",
            "led_optical_path": "",
            "positions": [
                [
                    -10.272293090820312,
                    17.408546447753906,
                    -1.375335693359375
                ],
                [
                    2.9215831756591797,
                    18.122886657714844,
                    -1.594024658203125
                ],
                [
                    18.404953002929688,
                    15.806953430175781,
                    -1.41015625
                ],
                [
                    23.361249923706055,
                    2.5519561767578125,
                    -0.31109619140625
                ],
                [
                    17.744266510009766,
                    -14.680488586425781,
                    1.31109619140625
                ],
                [
                    3.732799530029297,
                    -18.52936553955078,
                    1.7047119140625
                ],
                [
                    -9.390480041503906,
                    -17.239158630371094,
                    1.51275634765625
                ],
                [
                    -18.487693786621094,
                    -11.134918212890625,
                    0.947998046875
                ],
                [
                    -22.114547729492188,
                    -0.32483673095703125,
                    -0.009490966796875
                ],
                [
                    -21.696704864501953,
                    12.071632385253906,
                    -1.130889892578125
                ]
            ]
        },
        "etToSystemTransform": [
            [
                0.9999702572822571,
                0.0008971879142336547,
                0.00802982971072197,
                -32.19517135620117
            ],
            [
                -0.0008521483978256583,
                0.9999867677688599,
                -0.005610793828964233,
                0.0
            ],
            [
                -0.010412094183266163,
                0.005601644515991211,
                0.9999330043792725,
                -3.0517578125e-05
            ],
            [
                0.0,
                0.0,
                0.0,
                1.0
            ]
        ],
        "myopiaLensTransforms": []
    },
    "et1": {
        "cameras": [
            {
                "type": "pinhole",
                "optical_path": "",
                "height": 400,
                "width": 400,
                "exposureMs": 32,
                "gain": 1,
                "flip": false,
                "distCoeffs": {
                    "k1": 0.10307898372411728,
                    "k2": -0.18551510572433472,
                    "k3": 0.1558002382516861,
                    "p1": 0.0017371306894347072,
                    "p2": 0.0005003467085771263
                },
                "extrinsics": [
                    [
                        -0.671593189239502,
                        0.1847483366727829,
                        0.7175171971321106,
                        -14.054443359375
                    ],
                    [
                        0.054008521139621735,
                        0.9780442118644714,
                        -0.20127779245376587,
                        5.197999000549316
                    ],
                    [
                        -0.7389490604400635,
                        -0.09642478078603745,
                        -0.6668257713317871,
                        -17.36651611328125
                    ],
                    [
                        0.0,
                        0.0,
                        0.0,
                        1.0
                    ]
                ],
                "intrinsics": {
                    "cx": 197.74330139160156,
                    "cy": 199.35964965820312,
                    "fx": 281.8187561035156,
                    "fy": 281.9601745605469
                }
            }
        ],
        "leds": {
            "led_type": "standard",
            "led_optical_path": "",
            "positions": [
                [
                    10.185346603393555,
                    17.650291442871094,
                    -1.454925537109375
                ],
                [
                    -3.1189937591552734,
                    18.31810760498047,
                    -1.61151123046875
                ],
                [
                    -18.612470626831055,
                    15.650299072265625,
                    -1.32012939453125
                ],
                [
                    -23.465158462524414,
                    2.2405166625976562,
                    -0.31072998046875
                ],
                [
                    -17.700176239013672,
                    -14.817092895507812,
                    1.320892333984375
                ],
                [
                    -3.4550914764404297,
                    -18.44794464111328,
                    1.689544677734375
                ],
                [
                    9.524133682250977,
                    -17.01495361328125,
                    1.426971435546875
                ],
                [
                    18.573652267456055,
                    -10.844192504882812,
                    1.006072998046875
                ],
                [
                    22.133317947387695,
                    -0.06744384765625,
                    -0.0001220703125
                ],
                [
                    21.725656509399414,
                    12.400741577148438,
                    -1.1898193359375
                ]
            ]
        },
        "etToSystemTransform": [
            [
                0.9999704957008362,
                -0.0004811775288544595,
                -0.00802982971072197,
                32.19517135620117
            ],
            [
                0.0005262403283268213,
                0.999987006187439,
                0.00561070442199707,
                -7.62939453125e-06
            ],
            [
                0.005649595521390438,
                -0.0056136250495910645,
                0.9999712109565735,
                0.0
            ],
            [
                0.0,
                0.0,
                0.0,
                1.0
            ]
        ],
        "myopiaLensTransforms": []
    },
    "eyeBox": [
        10.0,
        10.0,
        6.0
    ],
    "eyeRelief": 18.0,
    "myopiaLensParameters": []
}